2 0.8203125 0.6666666666666666 0.034765625 0.08568075117370892
2 0.7375 0.7112676056338029 0.028515625 0.07423708920187794
2 0.653125 0.6502347417840375 0.034765625 0.07863849765258216
2 0.69375 0.9061032863849765 0.0810546875 0.06660798122065728
2 0.2875 0.9061032863849765 0.099609375 0.07981220657276995
2 0.196875 0.6572769953051644 0.040625 0.0977112676056338
2 0.096875 0.5751173708920188 0.0404296875 0.07453051643192488
2 0.2921875 0.6291079812206573 0.030859375 0.06572769953051644
2 0.371875 0.7136150234741784 0.037109375 0.06514084507042253
2 0.453125 0.7488262910798122 0.040234375 0.08098591549295775
0 0.503125 0.5352112676056338 0.1685546875 0.2778755868544601