2 0.8203125 0.6666666666666666 0.031640625 0.08450704225352113
2 0.7375 0.7112676056338029 0.028515625 0.07423708920187794
2 0.653125 0.6502347417840375 0.034765625 0.07863849765258216
2 0.69375 0.9061032863849765 0.0837890625 0.07423708920187794
2 0.2875 0.9061032863849765 0.1 0.08333333333333333
2 0.196875 0.6572769953051644 0.0375 0.09448356807511737
2 0.096875 0.5751173708920188 0.0373046875 0.07042253521126761
2 0.2921875 0.6291079812206573 0.0306640625 0.06602112676056338
2 0.371875 0.7136150234741784 0.037890625 0.06631455399061033
2 0.453125 0.7488262910798122 0.04296875 0.08450704225352113
0 0.503125 0.5352112676056338 0.16328125 0.27230046948356806