2 0.8203125 0.6666666666666666 0.0296875 0.08450704225352113
2 0.7375 0.7112676056338029 0.025 0.07276995305164319
2 0.653125 0.6502347417840375 0.03125 0.07511737089201878
2 0.69375 0.9061032863849765 0.0796875 0.06807511737089202
2 0.2875 0.9061032863849765 0.096875 0.07042253521126761
2 0.196875 0.6572769953051644 0.0359375 0.09624413145539906
2 0.096875 0.5751173708920188 0.0375 0.07042253521126761
2 0.2921875 0.6291079812206573 0.0296875 0.06338028169014084
2 0.371875 0.7136150234741784 0.0359375 0.06338028169014084
2 0.453125 0.7488262910798122 0.0375 0.07981220657276995
0 0.503125 0.5352112676056338 0.1546875 0.2605633802816901